11
0.0951231942 1.90263653 0.00198162091
-0.0908121541 1.90262938 0.00198162091
-0.302109957 1.85910714 0.151688457
0.269860983 1.84860253 0.151659116
0.269860983 1.84795499 0.00198162091
0.269860983 1.82913291 0.151747093
-0.302109957 1.82913291 0.151747093
0.269860983 1.82913291 0.00198162091
-0.302109957 1.82913291 0.00198162091
-0.302109957 1.84809887 0.00198162091
-0.096354939 1.90214014 0.00198162091
scale 0.0500000007 0.0500000007 0.0500000007
local_p 0 0 0
local_q_wxyz 1 0 0 0
cmass_p -6.03380568e-06 0.0465861596 -3.90804509e-08
cmass_q_wxyz 0.999999404 4.03695958e-05 0.00116945547 0.000123066216
