46
0.361105323 0.941006184 0.511509776
0.352521598 0.96811223 0.470326632
0.36374414 0.969419122 0.511509776
0.302020222 0.91788137 0.511509776
0.302020222 0.937085509 0.467820853
0.325193226 0.939384699 0.470229924
0.333928615 0.923895538 0.511509776
0.267897666 0.926460922 0.511509776
0.278816879 0.938803852 0.469684809
0.213180229 1.02148926 0.511509776
0.213862672 1.0414921 0.511509776
0.208812535 1.0414921 0.490126908
0.209494978 1.0414921 0.458342731
0.240432799 0.960694373 0.511509776
0.302020222 0.95901233 0.45347181
0.354159504 0.93340683 0.511509776
0.28312391 1.0414921 0.4228746
0.310634285 1.0414921 0.431904316
0.323282361 1.02257836 0.43830511
0.321917474 0.999550343 0.440028399
0.335005343 0.958104789 0.463855535
0.302020222 0.979196668 0.443976134
0.321629316 1.0414921 0.439201921
0.219155475 1.03282785 0.438735902
0.249122679 1.00160754 0.439773411
0.250184238 0.967531383 0.468154967
0.216759294 1.0414921 0.436124623
0.238476411 1.0414921 0.42549473
0.346379578 0.946911454 0.483919561
0.35196048 0.990789294 0.47094211
0.362819046 0.990789294 0.511509776
0.327210248 1.0414921 0.447765589
0.34991315 1.00713766 0.473746836
0.330592185 1.0414921 0.459415406
0.270248324 0.996621966 0.438129246
0.270248324 1.02257836 0.42810601
0.270248324 1.0414921 0.421687663
0.302020222 0.99508512 0.438322663
0.361029536 0.996525109 0.511509776
0.257767051 0.946693599 0.490126908
0.251336813 1.0414921 0.422918558
0.353825867 1.00996923 0.511509776
0.334762722 1.0414921 0.490126908
0.333367467 1.0414921 0.511509776
0.333215803 1.0414921 0.471900463
0.270248324 0.980733454 0.446473151
scale 0.119999997 0.119999997 0.119999997
local_p 0 0 0
local_q_wxyz 1 0 0 0
cmass_p 0.000252539641 0.0599928908 -0.000200944429
cmass_q_wxyz 0.99471283 -0.102546766 -0.00553134922 -0.000110487963
