11000 -0.00580717437 -0.0455599055 0.762155294 0.64420563 0.399040073 -0.379867703 -0.530534685 0.0255019125 -0.0954084545 0.742076874 0.444146991 0.44418329 0.550214291 0.550180972
11001 -0.0057757888 -0.0455078483 0.762308359 0.643889129 0.395292968 -0.37632218 -0.536220193 0.0255083386 -0.0954340845 0.742076635 0.444044173 0.444070786 0.550298274 0.550270736
11002 -0.00573776849 -0.0454557389 0.762480736 0.643561304 0.391503781 -0.372737586 -0.541867733 0.0255158693 -0.0954598486 0.742076993 0.443932265 0.443966806 0.550388157 0.550354958
11003 -0.00569995306 -0.0454050936 0.762635469 0.643226743 0.387666285 -0.369107991 -0.54747957 0.0255208779 -0.0954861343 0.742076993 0.443834871 0.443845719 0.550465107 0.550454378
11004 -0.0056577418 -0.0453546196 0.762811542 0.642885566 0.383784384 -0.365427434 -0.553055763 0.0255231373 -0.0955116451 0.742078125 0.443719774 0.443758667 0.550553381 0.550529003
11005 -0.00560774375 -0.0453086048 0.762966871 0.6425336 0.379854292 -0.361712098 -0.558592916 0.0255371872 -0.0955350325 0.742077947 0.443674266 0.443627447 0.55057174 0.55065304
11006 -0.00554693118 -0.0452583283 0.763161898 0.642174304 0.375882596 -0.357943892 -0.564092875 0.0255447812 -0.0955599546 0.742076278 0.443570375 0.443534881 0.550666153 0.550716817
11007 -0.00548156351 -0.0452076234 0.763338387 0.641808152 0.371861875 -0.354129076 -0.569555879 0.0255513396 -0.0955848098 0.742076814 0.443464041 0.443439692 0.550754428 0.550790846
11008 -0.0054075513 -0.0451574177 0.76351577 0.641435087 0.367791265 -0.350267351 -0.574981511 0.0255566351 -0.0956080034 0.742077827 0.443372428 0.44333908 0.55081898 0.550880909
11009 -0.00532702357 -0.0451073013 0.763689399 0.641056538 0.363669693 -0.346352726 -0.58037132 0.0255598053 -0.0956320018 0.742075622 0.44325766 0.443259031 0.550927222 0.550929666
11010 -0.00523235649 -0.045050934 0.763888359 0.640668929 0.359502852 -0.342386782 -0.585723996 0.0255603846 -0.0956549495 0.742076814 0.443148553 0.443173856 0.551019251 0.550993979
11011 -0.00512844324 -0.0449950397 0.764089346 0.640273333 0.355269909 -0.338388532 -0.591038823 0.0255624205 -0.0956764221 0.742077351 0.443045974 0.44309181 0.551103532 0.551057994
11012 -0.00501747616 -0.0449399166 0.764290154 0.639872074 0.350970626 -0.334347993 -0.596317887 0.0255660042 -0.0956971943 0.74207747 0.442952901 0.443008184 0.551178932 0.551124811
11013 -0.00489974394 -0.0448861644 0.764490128 0.639466286 0.346603036 -0.330261797 -0.601561785 0.0255692881 -0.0957175344 0.742077172 0.442872018 0.442916036 0.551242948 0.551199615
11014 -0.00478320569 -0.0448328517 0.7647084 0.639063299 0.342155397 -0.326111555 -0.606777728 0.0255716275 -0.0957376659 0.742076814 0.442795783 0.442821294 0.551302314 0.551277578
11015 -0.00466011837 -0.0447812825 0.764892459 0.638652444 0.337643892 -0.32191667 -0.611955523 0.0255723447 -0.0957579762 0.742076695 0.442707568 0.442736745 0.551374197 0.551344573
11016 -0.00453097932 -0.044731155 0.765110791 0.638244212 0.333050877 -0.317655593 -0.617103457 0.0255803578 -0.0957764536 0.742076874 0.442668319 0.442626625 0.551388681 0.551449835
11017 -0.00439791754 -0.0446831137 0.765296757 0.637830496 0.328388661 -0.313340962 -0.622214496 0.0255800299 -0.0957970992 0.742076576 0.442562908 0.442555517 0.551482558 0.551497757
11018 -0.00425899401 -0.044636637 0.765515506 0.637420297 0.323641598 -0.308951557 -0.627296448 0.0255836174 -0.0958175063 0.742077053 0.44245562 0.442490488 0.551576436 0.551542222
11019 -0.00411264785 -0.0445911586 0.76570189 0.637002707 0.318828464 -0.304504544 -0.632339597 0.0255907979 -0.095837146 0.742076635 0.442374438 0.442403585 0.551641762 0.551611722
11020 -0.0039625559 -0.0445486419 0.765918911 0.636590719 0.313922733 -0.29997465 -0.637354255 0.0255957413 -0.0958577096 0.742076874 0.442286104 0.442320645 0.551712275 0.551678419
11021 -0.00380249694 -0.0445090532 0.766146302 0.636177838 0.308934689 -0.295370847 -0.642334461 0.0256012008 -0.0958784521 0.742076755 0.442202449 0.442230225 0.551779568 0.5517506
11022 -0.00364192016 -0.0444707088 0.766314507 0.635756373 0.303877145 -0.29070437 -0.647274017 0.0256074481 -0.0958996937 0.742077231 0.442107618 0.442148626 0.551855087 0.551816583
11023 -0.00347391888 -0.0444073491 0.766586423 0.635336041 0.298782289 -0.285874248 -0.652191281 0.02561263 -0.095921047 0.742076635 0.442025006 0.442051113 0.551921785 0.551894248
11024 -0.054849118 -0.0557796694 0.869906545 0.628683627 -0.271313339 -0.177834526 -0.706768155 0.0267055891 -0.0957084596 0.742684007 0.445138723 0.439307868 0.54803133 0.5554474
11025 -0.0477719717 -0.0497297347 0.854633808 0.678125083 -0.284266829 -0.171043396 -0.655807197 0.0266921856 -0.0957416743 0.744306982 0.451277882 0.432558715 0.541287661 0.562360227
11026 -0.0453220308 -0.0558536649 0.851395309 0.767438829 -0.314960897 -0.24277094 -0.502891243 0.0261506904 -0.0957281291 0.746084452 0.460153461 0.426238298 0.531609714 0.569184542
